0,400
0,399
0,398
63,52
63,51
63,50
63,49
63,48
63,47
63,46
63,45
63,44
63,43
63,42
63,41
63,40
63,39
63,38
63,37
63,36
63,35
0,394
0,393
0,392
0,243
0,386
3,2
3,1
3,3
10,72
10,294
10,180
10,24
10,288
10,100
10,234
10,162
9,6
9,4
9,2
9,3
8,13
8,14
8,16
8,17
8,12
8,2
8,3
59,4
59,3
59,2
59,1
59,0
53,6
53,5
53,4
53,3
53,2
53,1
53,0
33,3
33,1
30,5
30,4
30,3
30,2
30,1
27,3
27,1
26,4
26,1
24,3
24,2
24,1
20,3
20,2
20,1
19,3
19,2
19,1
12,3
12,2
12,1
11,30
11,29
11,28
11,27
11,26
11,25
11,24
11,23
11,22
11,21
11,20
11,19
11,18
11,17
11,16
11,15
11,14
18,1
11,13
18,3
11,12
11,11
11,10
14,1
11,9
14,3
11,8
13,1
11,7
13,3
